Enter mode: 0
(335.751, -269.577) - (-27.0206, -282.758) - (217.343, -447.089) - (179.933, -318.031) - (0.000190032, -0.000285946) - (112.198, -110.561) - (69.4331, -246.78) - (168.521, 31.4012) - (320.35, -160.9) - (383.458, -0.000608756) - (492.671, -131.563) - (306.32, -108.09) - 
[3 2 11 7 0 9 4 5 6 1 8 10]
2529.51 fitness
[9 4 8 7 10 0 2 5 6 3 1 11]
3274.99 fitness
[4 7 6 2 10 3 0 11 8 5 9 1]
3405.74 fitness
[3 6 5 1 0 8 11 7 2 9 10 4]
2918.53 fitness
[1 7 2 3 9 8 0 6 10 5 4 11]
3269.36 fitness
[5 0 8 9 10 6 1 2 4 3 11 7]
2700.45 fitness
[9 3 6 4 7 5 11 1 2 0 8 10]
3568.58 fitness
[8 5 0 9 7 2 3 1 4 10 11 6]
3085.24 fitness
[8 3 7 2 4 9 10 1 11 6 0 5]
2465.76 fitness
[8 3 7 0 2 1 11 6 5 4 9 10]
3178.39 fitness
[8 10 6 5 0 11 7 2 9 3 4 1]
2662.78 fitness
[8 9 4 5 7 1 6 10 0 2 11 3]
2890.54 fitness
[7 10 8 6 5 4 2 1 9 0 11 3]
2910.32 fitness
[11 4 10 3 0 6 7 2 8 9 1 5]
3329.82 fitness
[6 3 8 4 0 9 7 5 2 11 1 10]
3013.39 fitness
[0 7 4 8 6 2 10 1 3 5 9 11]
3110.95 fitness
[11 7 2 5 10 0 1 3 4 9 6 8]
2691.5 fitness
[0 2 6 1 4 11 8 9 5 10 7 3]
3030.24 fitness
[2 4 8 5 7 3 11 1 0 10 6 9]
3084.61 fitness
[4 2 7 11 1 3 6 8 0 9 10 5]
2540.2 fitness
[1 6 5 11 2 0 8 4 7 3 10 9]
3078.86 fitness
[7 1 10 5 6 11 4 8 2 3 9 0]
3279.37 fitness
[3 7 0 4 1 10 8 6 9 2 5 11]
2966.35 fitness
[0 7 6 2 11 9 1 4 10 5 8 3]
3325.99 fitness
[0 6 4 3 5 8 7 9 11 1 10 2]
3519.11 fitness
[6 4 1 11 7 10 2 9 3 0 8 5]
3696.4 fitness
[3 2 6 4 10 11 9 7 1 5 0 8]
3468.3 fitness
[6 9 3 1 4 11 8 0 10 7 5 2]
3628.89 fitness
[11 1 2 4 3 10 9 6 5 7 0 8]
3388.04 fitness
[9 11 5 10 7 2 1 6 3 4 0 8]
3299.24 fitness


----
Generation: 1
----

(335.751, -269.577) - (-27.0206, -282.758) - (217.343, -447.089) - (179.933, -318.031) - (0.000190032, -0.000285946) - (112.198, -110.561) - (69.4331, -246.78) - (168.521, 31.4012) - (320.35, -160.9) - (383.458, -0.000608756) - (492.671, -131.563) - (306.32, -108.09) - 
2529.51 3274.99 3405.74 2918.53 3269.36 2700.45 3568.58 3085.24 2465.76 3178.39 2662.78 2890.54 2910.32 3329.82 3013.39 3110.95 2691.5 3030.24 3084.61 2540.2 3078.86 3279.37 2966.35 3325.99 3519.11 3696.4 3468.3 3628.89 3388.04 3299.24 

----
Generation: 2
----

(492.671, -131.563) - (335.751, -269.577) - (179.933, -318.031) - (-27.0206, -282.758) - (69.4331, -246.78) - (112.198, -110.561) - (306.32, -108.09) - (383.458, -0.000608756) - (217.343, -447.089) - (320.35, -160.9) - (0.000190032, -0.000285946) - (168.521, 31.4012) - 
2465.76 2529.51 2529.51 2540.2 2540.36 2641.22 2662.78 2666.29 2691.5 2700.45 2714.82 2740.07 2792.69 2802.89 2890.54 2904.96 2910.32 2918.53 2919.62 2966.35 3013.39 3030.24 3041.29 3054.57 3077.97 3078.86 3084.61 3085.24 3087.3 3110.95 

----
Generation: 3
----

(217.343, -447.089) - (179.933, -318.031) - (-27.0206, -282.758) - (168.521, 31.4012) - (0.000190032, -0.000285946) - (112.198, -110.561) - (69.4331, -246.78) - (335.751, -269.577) - (320.35, -160.9) - (492.671, -131.563) - (383.458, -0.000608756) - (306.32, -108.09) - 
2041.7 2357.87 2455.42 2465.76 2519.81 2529.51 2529.51 2531.86 2540.2 2540.36 2641.22 2641.22 2662.78 2666.29 2688.48 2691.5 2700.45 2700.45 2714.82 2740.07 2743.21 2786.37 2792.69 2802.89 2818.6 2890.54 2895.18 2904.96 2910.32 2913.77 

----
Generation: 4
----

(217.343, -447.089) - (335.751, -269.577) - (179.933, -318.031) - (-27.0206, -282.758) - (69.4331, -246.78) - (112.198, -110.561) - (306.32, -108.09) - (383.458, -0.000608756) - (320.35, -160.9) - (492.671, -131.563) - (168.521, 31.4012) - (0.000190032, -0.000285946) - 
2041.01 2041.7 2181.38 2332.33 2357.87 2357.87 2357.87 2412.59 2446.82 2455.42 2465.76 2491.32 2506.26 2519.81 2522.96 2529.51 2529.51 2531.86 2540.2 2540.2 2540.36 2546.71 2627.17 2641.22 2641.22 2662.78 2666.29 2688.48 2691.5 2700.45 

----
Generation: 5
----

(217.343, -447.089) - (179.933, -318.031) - (-27.0206, -282.758) - (0.000190032, -0.000285946) - (168.521, 31.4012) - (112.198, -110.561) - (69.4331, -246.78) - (335.751, -269.577) - (320.35, -160.9) - (492.671, -131.563) - (383.458, -0.000608756) - (306.32, -108.09) - 
1950.91 2041.01 2041.7 2161.54 2181.38 2181.38 2214.63 2227.1 2260.91 2282.4 2332.33 2349.72 2357.87 2357.87 2357.87 2357.87 2357.87 2357.87 2357.87 2370.4 2412.59 2412.59 2412.59 2412.59 2446.82 2455.42 2465.76 2491.32 2506.26 2519.81 

----
Generation: 6
----

(69.4331, -246.78) - (-27.0206, -282.758) - (179.933, -318.031) - (217.343, -447.089) - (335.751, -269.577) - (492.671, -131.563) - (383.458, -0.000608756) - (320.35, -160.9) - (306.32, -108.09) - (112.198, -110.561) - (0.000190032, -0.000285946) - (168.521, 31.4012) - 
1791.15 1950.91 1950.91 1950.91 1973.87 2041.01 2041.7 2041.7 2073.79 2108.54 2132.19 2149.45 2156.75 2161.54 2161.54 2161.54 2181.38 2181.38 2181.38 2181.38 2181.38 2192.38 2214.63 2214.63 2227.1 2227.1 2260.91 2282.4 2332.33 2349.72 

----
Generation: 7
----

(69.4331, -246.78) - (-27.0206, -282.758) - (179.933, -318.031) - (217.343, -447.089) - (335.751, -269.577) - (492.671, -131.563) - (383.458, -0.000608756) - (320.35, -160.9) - (306.32, -108.09) - (112.198, -110.561) - (0.000190032, -0.000285946) - (168.521, 31.4012) - 
1791.15 1950.91 1950.91 1950.91 1950.91 1950.91 1950.91 1950.91 1950.91 1950.91 1950.91 1973.87 2021.61 2041.01 2041.01 2041.7 2041.7 2041.7 2073.79 2108.54 2118.77 2132.19 2149.45 2156.75 2161.54 2161.54 2161.54 2168.93 2181.38 2181.38 

----
Generation: 8
----

(69.4331, -246.78) - (-27.0206, -282.758) - (179.933, -318.031) - (217.343, -447.089) - (335.751, -269.577) - (492.671, -131.563) - (383.458, -0.000608756) - (320.35, -160.9) - (306.32, -108.09) - (112.198, -110.561) - (0.000190032, -0.000285946) - (168.521, 31.4012) - 
1791.15 1830.75 1830.75 1830.75 1919.39 1933.1 1950.91 1950.91 1950.91 1950.91 1950.91 1950.91 1950.91 1950.91 1950.91 1950.91 1950.91 1950.91 1950.91 1950.91 1950.91 1950.91 1950.91 1950.91 1950.91 1973.87 2021.61 2041.01 2041.01 2041.7 

----
Generation: 9
----

(69.4331, -246.78) - (-27.0206, -282.758) - (179.933, -318.031) - (217.343, -447.089) - (335.751, -269.577) - (492.671, -131.563) - (383.458, -0.000608756) - (320.35, -160.9) - (306.32, -108.09) - (112.198, -110.561) - (0.000190032, -0.000285946) - (168.521, 31.4012) - 
1791.15 1830.75 1830.75 1830.75 1830.75 1830.75 1830.75 1919.39 1933.1 1950.91 1950.91 1950.91 1950.91 1950.91 1950.91 1950.91 1950.91 1950.91 1950.91 1950.91 1950.91 1950.91 1950.91 1950.91 1950.91 1950.91 1950.91 1950.91 1950.91 1950.91 

----
Generation: 10
----

(69.4331, -246.78) - (112.198, -110.561) - (168.521, 31.4012) - (0.000190032, -0.000285946) - (-27.0206, -282.758) - (179.933, -318.031) - (217.343, -447.089) - (335.751, -269.577) - (320.35, -160.9) - (306.32, -108.09) - (383.458, -0.000608756) - (492.671, -131.563) - 
1776.84 1791.15 1830.75 1830.75 1830.75 1830.75 1830.75 1830.75 1830.75 1830.75 1830.75 1830.75 1830.75 1830.75 1830.75 1830.75 1890.02 1890.02 1890.02 1919.39 1919.39 1919.39 1933.1 1950.91 1950.91 1950.91 1950.91 1950.91 1950.91 1950.91 

----
Generation: 11
----

(69.4331, -246.78) - (112.198, -110.561) - (168.521, 31.4012) - (0.000190032, -0.000285946) - (-27.0206, -282.758) - (179.933, -318.031) - (217.343, -447.089) - (335.751, -269.577) - (320.35, -160.9) - (306.32, -108.09) - (383.458, -0.000608756) - (492.671, -131.563) - 
1776.84 1791.15 1830.75 1830.75 1830.75 1830.75 1830.75 1830.75 1830.75 1830.75 1830.75 1830.75 1830.75 1830.75 1830.75 1830.75 1830.75 1830.75 1830.75 1830.75 1830.75 1830.75 1830.75 1830.75 1830.75 1830.75 1830.75 1830.75 1890.02 1890.02 

----
Generation: 12
----

(69.4331, -246.78) - (112.198, -110.561) - (168.521, 31.4012) - (0.000190032, -0.000285946) - (-27.0206, -282.758) - (179.933, -318.031) - (217.343, -447.089) - (335.751, -269.577) - (320.35, -160.9) - (306.32, -108.09) - (383.458, -0.000608756) - (492.671, -131.563) - 
1776.84 1776.84 1791.15 1812.94 1830.75 1830.75 1830.75 1830.75 1830.75 1830.75 1830.75 1830.75 1830.75 1830.75 1830.75 1830.75 1830.75 1830.75 1830.75 1830.75 1830.75 1830.75 1830.75 1830.75 1830.75 1830.75 1830.75 1830.75 1830.75 1830.75 

----
Generation: 13
----

(0.000190032, -0.000285946) - (168.521, 31.4012) - (112.198, -110.561) - (69.4331, -246.78) - (-27.0206, -282.758) - (179.933, -318.031) - (217.343, -447.089) - (335.751, -269.577) - (320.35, -160.9) - (306.32, -108.09) - (383.458, -0.000608756) - (492.671, -131.563) - 
1595.74 1776.84 1776.84 1776.84 1791.15 1812.94 1812.94 1830.75 1830.75 1830.75 1830.75 1830.75 1830.75 1830.75 1830.75 1830.75 1830.75 1830.75 1830.75 1830.75 1830.75 1830.75 1830.75 1830.75 1830.75 1830.75 1830.75 1830.75 1830.75 1830.75 

----
Generation: 14
----

(0.000190032, -0.000285946) - (168.521, 31.4012) - (112.198, -110.561) - (69.4331, -246.78) - (-27.0206, -282.758) - (179.933, -318.031) - (217.343, -447.089) - (335.751, -269.577) - (320.35, -160.9) - (306.32, -108.09) - (383.458, -0.000608756) - (492.671, -131.563) - 
1595.74 1776.84 1776.84 1776.84 1786.36 1791.15 1791.15 1812.94 1812.94 1830.75 1830.75 1830.75 1830.75 1830.75 1830.75 1830.75 1830.75 1830.75 1830.75 1830.75 1830.75 1830.75 1830.75 1830.75 1830.75 1830.75 1830.75 1830.75 1830.75 1830.75 

----
Generation: 15
----

(0.000190032, -0.000285946) - (168.521, 31.4012) - (112.198, -110.561) - (69.4331, -246.78) - (-27.0206, -282.758) - (179.933, -318.031) - (217.343, -447.089) - (335.751, -269.577) - (320.35, -160.9) - (306.32, -108.09) - (383.458, -0.000608756) - (492.671, -131.563) - 
1595.74 1776.84 1776.84 1776.84 1776.84 1776.84 1776.84 1776.84 1776.84 1776.84 1786.36 1786.36 1791.15 1791.15 1791.15 1812.94 1812.94 1830.75 1830.75 1830.75 1830.75 1830.75 1830.75 1830.75 1830.75 1830.75 1830.75 1830.75 1830.75 1830.75 

----
Generation: 16
----

(0.000190032, -0.000285946) - (168.521, 31.4012) - (112.198, -110.561) - (69.4331, -246.78) - (-27.0206, -282.758) - (179.933, -318.031) - (217.343, -447.089) - (335.751, -269.577) - (320.35, -160.9) - (306.32, -108.09) - (383.458, -0.000608756) - (492.671, -131.563) - 
1595.74 1595.74 1734.36 1734.36 1734.36 1776.84 1776.84 1776.84 1776.84 1776.84 1776.84 1776.84 1776.84 1776.84 1776.84 1776.84 1776.84 1776.84 1776.84 1776.84 1776.84 1776.84 1776.84 1776.84 1776.84 1776.84 1776.84 1786.36 1786.36 1791.15 

----
Generation: 17
----

(0.000190032, -0.000285946) - (168.521, 31.4012) - (112.198, -110.561) - (69.4331, -246.78) - (-27.0206, -282.758) - (179.933, -318.031) - (217.343, -447.089) - (335.751, -269.577) - (320.35, -160.9) - (306.32, -108.09) - (383.458, -0.000608756) - (492.671, -131.563) - 
1595.74 1595.74 1595.74 1595.74 1595.74 1595.74 1695.42 1695.42 1734.36 1734.36 1734.36 1734.36 1734.36 1734.36 1734.36 1734.36 1776.84 1776.84 1776.84 1776.84 1776.84 1776.84 1776.84 1776.84 1776.84 1776.84 1776.84 1776.84 1776.84 1776.84 

----
Generation: 18
----

(0.000190032, -0.000285946) - (168.521, 31.4012) - (112.198, -110.561) - (69.4331, -246.78) - (-27.0206, -282.758) - (179.933, -318.031) - (217.343, -447.089) - (335.751, -269.577) - (320.35, -160.9) - (306.32, -108.09) - (383.458, -0.000608756) - (492.671, -131.563) - 
1595.74 1595.74 1595.74 1595.74 1595.74 1595.74 1595.74 1595.74 1595.74 1595.74 1595.74 1595.74 1595.74 1595.74 1595.74 1595.74 1595.74 1595.74 1695.42 1695.42 1695.42 1695.42 1695.42 1695.42 1695.42 1734.36 1734.36 1734.36 1734.36 1734.36 

----
Generation: 19
----

(0.000190032, -0.000285946) - (168.521, 31.4012) - (112.198, -110.561) - (69.4331, -246.78) - (-27.0206, -282.758) - (179.933, -318.031) - (217.343, -447.089) - (335.751, -269.577) - (320.35, -160.9) - (306.32, -108.09) - (383.458, -0.000608756) - (492.671, -131.563) - 
1595.74 1595.74 1595.74 1595.74 1595.74 1595.74 1595.74 1595.74 1595.74 1595.74 1595.74 1595.74 1595.74 1595.74 1595.74 1595.74 1595.74 1595.74 1595.74 1595.74 1595.74 1595.74 1595.74 1595.74 1595.74 1595.74 1595.74 1595.74 1595.74 1595.74 

----
Generation: 20
----

(0.000190032, -0.000285946) - (168.521, 31.4012) - (112.198, -110.561) - (69.4331, -246.78) - (-27.0206, -282.758) - (179.933, -318.031) - (217.343, -447.089) - (335.751, -269.577) - (320.35, -160.9) - (306.32, -108.09) - (383.458, -0.000608756) - (492.671, -131.563) - 
1595.74 1595.74 1595.74 1595.74 1595.74 1595.74 1595.74 1595.74 1595.74 1595.74 1595.74 1595.74 1595.74 1595.74 1595.74 1595.74 1595.74 1595.74 1595.74 1595.74 1595.74 1595.74 1595.74 1595.74 1595.74 1595.74 1595.74 1595.74 1595.74 1595.74 

----
Generation: 21
----

(0.000190032, -0.000285946) - (168.521, 31.4012) - (112.198, -110.561) - (69.4331, -246.78) - (-27.0206, -282.758) - (179.933, -318.031) - (217.343, -447.089) - (335.751, -269.577) - (320.35, -160.9) - (306.32, -108.09) - (383.458, -0.000608756) - (492.671, -131.563) - 
1595.74 1595.74 1595.74 1595.74 1595.74 1595.74 1595.74 1595.74 1595.74 1595.74 1595.74 1595.74 1595.74 1595.74 1595.74 1595.74 1595.74 1595.74 1595.74 1595.74 1595.74 1595.74 1595.74 1595.74 1595.74 1595.74 1595.74 1595.74 1595.74 1595.74 

----
Generation: 22
----

(0.000190032, -0.000285946) - (168.521, 31.4012) - (112.198, -110.561) - (69.4331, -246.78) - (-27.0206, -282.758) - (179.933, -318.031) - (217.343, -447.089) - (335.751, -269.577) - (320.35, -160.9) - (306.32, -108.09) - (383.458, -0.000608756) - (492.671, -131.563) - 
1595.74 1595.74 1595.74 1595.74 1595.74 1595.74 1595.74 1595.74 1595.74 1595.74 1595.74 1595.74 1595.74 1595.74 1595.74 1595.74 1595.74 1595.74 1595.74 1595.74 1595.74 1595.74 1595.74 1595.74 1595.74 1595.74 1595.74 1595.74 1595.74 1595.74 

----
Generation: 23
----

(0.000190032, -0.000285946) - (168.521, 31.4012) - (112.198, -110.561) - (69.4331, -246.78) - (-27.0206, -282.758) - (179.933, -318.031) - (217.343, -447.089) - (335.751, -269.577) - (320.35, -160.9) - (306.32, -108.09) - (383.458, -0.000608756) - (492.671, -131.563) - 
1595.74 1595.74 1595.74 1595.74 1595.74 1595.74 1595.74 1595.74 1595.74 1595.74 1595.74 1595.74 1595.74 1595.74 1595.74 1595.74 1595.74 1595.74 1595.74 1595.74 1595.74 1595.74 1595.74 1595.74 1595.74 1595.74 1595.74 1595.74 1595.74 1595.74 

----
Generation: 24
----

(0.000190032, -0.000285946) - (168.521, 31.4012) - (112.198, -110.561) - (69.4331, -246.78) - (-27.0206, -282.758) - (179.933, -318.031) - (217.343, -447.089) - (335.751, -269.577) - (320.35, -160.9) - (306.32, -108.09) - (383.458, -0.000608756) - (492.671, -131.563) - 
1595.74 1595.74 1595.74 1595.74 1595.74 1595.74 1595.74 1595.74 1595.74 1595.74 1595.74 1595.74 1595.74 1595.74 1595.74 1595.74 1595.74 1595.74 1595.74 1595.74 1595.74 1595.74 1595.74 1595.74 1595.74 1595.74 1595.74 1595.74 1595.74 1595.74 

----
Generation: 25
----

(0.000190032, -0.000285946) - (168.521, 31.4012) - (112.198, -110.561) - (69.4331, -246.78) - (-27.0206, -282.758) - (179.933, -318.031) - (217.343, -447.089) - (335.751, -269.577) - (320.35, -160.9) - (306.32, -108.09) - (383.458, -0.000608756) - (492.671, -131.563) - 
1595.74 1595.74 1595.74 1595.74 1595.74 1595.74 1595.74 1595.74 1595.74 1595.74 1595.74 1595.74 1595.74 1595.74 1595.74 1595.74 1595.74 1595.74 1595.74 1595.74 1595.74 1595.74 1595.74 1595.74 1595.74 1595.74 1595.74 1595.74 1595.74 1595.74 

----
Generation: 26
----

(0.000190032, -0.000285946) - (168.521, 31.4012) - (112.198, -110.561) - (69.4331, -246.78) - (-27.0206, -282.758) - (179.933, -318.031) - (217.343, -447.089) - (335.751, -269.577) - (320.35, -160.9) - (306.32, -108.09) - (383.458, -0.000608756) - (492.671, -131.563) - 
1595.74 1595.74 1595.74 1595.74 1595.74 1595.74 1595.74 1595.74 1595.74 1595.74 1595.74 1595.74 1595.74 1595.74 1595.74 1595.74 1595.74 1595.74 1595.74 1595.74 1595.74 1595.74 1595.74 1595.74 1595.74 1595.74 1595.74 1595.74 1595.74 1595.74 

----
Generation: 27
----

(0.000190032, -0.000285946) - (168.521, 31.4012) - (112.198, -110.561) - (69.4331, -246.78) - (-27.0206, -282.758) - (179.933, -318.031) - (217.343, -447.089) - (335.751, -269.577) - (320.35, -160.9) - (306.32, -108.09) - (383.458, -0.000608756) - (492.671, -131.563) - 
1595.74 1595.74 1595.74 1595.74 1595.74 1595.74 1595.74 1595.74 1595.74 1595.74 1595.74 1595.74 1595.74 1595.74 1595.74 1595.74 1595.74 1595.74 1595.74 1595.74 1595.74 1595.74 1595.74 1595.74 1595.74 1595.74 1595.74 1595.74 1595.74 1595.74 

----
Generation: 28
----

(0.000190032, -0.000285946) - (168.521, 31.4012) - (112.198, -110.561) - (69.4331, -246.78) - (-27.0206, -282.758) - (179.933, -318.031) - (217.343, -447.089) - (335.751, -269.577) - (320.35, -160.9) - (306.32, -108.09) - (383.458, -0.000608756) - (492.671, -131.563) - 
1595.74 1595.74 1595.74 1595.74 1595.74 1595.74 1595.74 1595.74 1595.74 1595.74 1595.74 1595.74 1595.74 1595.74 1595.74 1595.74 1595.74 1595.74 1595.74 1595.74 1595.74 1595.74 1595.74 1595.74 1595.74 1595.74 1595.74 1595.74 1595.74 1595.74 

----
Generation: 29
----

(0.000190032, -0.000285946) - (168.521, 31.4012) - (112.198, -110.561) - (69.4331, -246.78) - (-27.0206, -282.758) - (179.933, -318.031) - (217.343, -447.089) - (335.751, -269.577) - (320.35, -160.9) - (306.32, -108.09) - (383.458, -0.000608756) - (492.671, -131.563) - 
1595.74 1595.74 1595.74 1595.74 1595.74 1595.74 1595.74 1595.74 1595.74 1595.74 1595.74 1595.74 1595.74 1595.74 1595.74 1595.74 1595.74 1595.74 1595.74 1595.74 1595.74 1595.74 1595.74 1595.74 1595.74 1595.74 1595.74 1595.74 1595.74 1595.74 

----
Generation: 30
----

(0.000190032, -0.000285946) - (168.521, 31.4012) - (112.198, -110.561) - (69.4331, -246.78) - (-27.0206, -282.758) - (179.933, -318.031) - (217.343, -447.089) - (335.751, -269.577) - (320.35, -160.9) - (306.32, -108.09) - (383.458, -0.000608756) - (492.671, -131.563) - 
1595.74 1595.74 1595.74 1595.74 1595.74 1595.74 1595.74 1595.74 1595.74 1595.74 1595.74 1595.74 1595.74 1595.74 1595.74 1595.74 1595.74 1595.74 1595.74 1595.74 1595.74 1595.74 1595.74 1595.74 1595.74 1595.74 1595.74 1595.74 1595.74 1595.74 

Solution found: 0 -> 5 -> 9 -> 4 -> 2 -> 7 -> 11 -> 3 -> 6 -> 10 -> 1 -> 8 -> 0
Cost: 1595.74
